tex_ 850x1178
非黑 bbox x 0..849 y 0..1177
  tan    px=190385   bbox x 77..715 y 0..1027 mean RGB(206, 172, 106)
  grass  px=653702   bbox x 0..799 y 0..1177 mean RGB(156, 189, 71)
  water  px=46663    bbox x 800..849 y 1..941 mean RGB(0, 145, 173)

车道列带 (x0,x1,w,cx) = [(123, 174, 52, 148), (590, 669, 80, 629)]
  两车道中心 148 / 629 ⇒ 43.727 px/格(x) ⇒ 格0 ⇔ x -5.0，格18 ⇔ 782.0
  tan 行带 (y0,y1,cy) = [(67, 140, 103), (144, 253, 198), (778, 961, 869)]
  暗行(>50%%W) y = [519, 1028, 1029, 1030, 1031, 1032, 1033, 1034, 1035, 1036, 1037, 1038, 1039, 1040, 1041, 1042, 1043, 1044, 1045, 1046, 1047, 1048, 1049, 1050, 1051, 1052, 1053, 1054, 1055, 1056, 1057, 1058, 1059, 1060, 1061, 1062, 1063, 1064, 1065, 1066, 1067, 1068, 1069, 1070, 1071, 1072, 1073, 1074, 1075, 1076, 1077, 1078, 1079, 1080, 1081, 1082, 1083, 1084, 1085, 1086, 1087, 1088, 1089, 1090, 1091, 1092, 1093, 1094, 1095, 1096, 1097, 1098, 1099, 1100, 1101, 1102, 1103, 1104, 1105, 1106, 1107, 1108, 1109, 1110, 1111, 1112, 1113, 1114, 1115, 1116, 1117, 1118, 1119, 1120, 1121, 1122, 1123, 1124, 1125, 1126, 1127, 1128, 1129, 1130, 1131, 1132, 1133, 1134, 1135, 1136, 1137, 1138, 1139, 1140, 1141, 1142, 1143, 1144, 1145, 1146, 1147, 1148, 1149, 1150, 1151, 1152, 1153, 1154, 1155, 1156, 1157, 1158, 1159, 1160, 1161, 1162, 1163, 1164, 1165, 1166, 1167, 1168, 1169, 1170, 1171, 1172, 1173, 1174, 1175, 1176, 1177]

 y : tan / grass / water / lum
    0 :   180    618     0 136.6
   24 :   180    618    50 142.1
   48 :   180    618    50 143.5
   72 :   543    254    50 155.0
   96 :   545    254    50 156.3
  120 :   269    527    50 147.1
  144 :   267    526    50 142.7
  168 :   274    523    50 145.3
  192 :   275    523    47 145.0
  216 :   275    523    47 142.1
  240 :   274    523    50 144.7
  264 :    89    709    50 140.0
  288 :    89    709    50 138.3
  312 :    89    709    50 139.7
  336 :    89    709    50 139.8
  360 :    89    709    50 140.3
  384 :    89    709    50 139.7
  408 :    89    709    50 139.7
  432 :    89    709    50 139.7
  456 :    89    709    50 138.7
  480 :    89    709    50 139.3
  504 :    82    709    50 134.6
  528 :    85    709    50 136.9
  552 :    89    709    50 138.2
  576 :    89    709    50 140.1
  600 :    89    709    50 140.1
  624 :    89    709    50 140.8
  648 :    89    709    50 139.5
  672 :    89    709    50 139.4
  696 :    89    709    47 139.0
  720 :    89    709    47 138.4
  744 :    89    709    50 139.2
  768 :    89    709    50 139.6
  792 :   273    524    50 145.9
  816 :   273    524    50 143.6
  840 :   273    524    50 144.5
  864 :   273    524    50 144.6
  888 :   306    397    50 143.5
  912 :   269    528    50 144.2
  936 :   548    251    50 150.2
  960 :   538    257     0 135.5
  984 :   180    618     0 135.7
 1008 :   180    618     0 135.7
 1032 :     0    185     0  31.8
 1056 :     0    185     0  31.7
 1080 :     0    185     0  31.7
 1104 :     0    185     0  31.5
 1128 :     0    185     0  31.7
 1152 :     0    185     0  31.7
 1176 :     0    185     0  31.7
