
===== f006  canvas 1090x1677  opaque bbox x 0..1088 y 695..1423
   grass  px=434110   bbox x 0..1023 y 695..1423  mean RGB(156, 189, 71)
   tan    px=511505   bbox x 0..1023 y 695..1423  mean RGB(167, 186, 78)
   water  px=43626    bbox x 149..1088 y 805..852  mean RGB(0, 147, 175)
   dirt   px=21       bbox x 345..851 y 730..1415  mean RGB(164, 133, 78)
   y : grass / tan / water / dirt
    695 :    184    180      0      0
    715 :    184    184      0      0
    735 :    891    874      0      0
    755 :    892    917      0      0
    775 :    891    931      0      0
    795 :    892    951      0      0
    815 :    184    184    903      0
    835 :    184    184    903      0
    855 :    707    724      0      0
    875 :    707    732      0      0
    895 :    708    767      0      0
    915 :    711    778      0      0
    935 :    711    786      0      0
    955 :    711    770      0      0
    975 :    711    758      0      0
    995 :    526    776      0      0
   1015 :    526    763      0      0
   1035 :    525    792      0      0
   1055 :    526    714      0      0
   1075 :    526    790      0      0
   1095 :    353    743      0      0
   1115 :    529    790      0      0
   1135 :    254    781      0      0
   1155 :    254    789      0      0
   1175 :    619    772      0      0
   1195 :    620    771      0      0
   1215 :    620    765      0      0
   1235 :    707    735      0      0
   1255 :    708    769      0      0
   1275 :    708    787      0      0
   1295 :    707    786      0      0
   1315 :    708    721      0      0
   1335 :    707    693      0      0
   1355 :    708    725      0      0
   1375 :    708    734      0      0
   1395 :    708    756      0      0
   1415 :    706    669      0      2
   车道列带(下半幅 y1241..1423) = [(225, 392, 168), (394, 1023, 630)]

===== f022  canvas 1090x1677  opaque bbox x 32..972 y 0..1674
   grass  px=631231   bbox x 99..912 y 0..1642  mean RGB(155, 188, 70)
   tan    px=761788   bbox x 100..912 y 0..1663  mean RGB(169, 184, 80)
   water  px=6228     bbox x 33..972 y 536..583  mean RGB(0, 136, 158)
   dirt   px=15795    bbox x 99..912 y 492..1667  mean RGB(151, 117, 84)
   y : grass / tan / water / dirt
      0 :    617    743      0      0
     20 :    287    260      0      0
     40 :     33      4      0      0
     60 :      0      0      0      0
     80 :      0      0      0      0
    100 :      0      0      0      0
    120 :      0      0      0      0
    140 :      0      0      0      0
    160 :      0      0      0      0
    180 :      0      0      0      0
    200 :      0      0      0      0
    220 :      0      0      0      0
    240 :      0      0      0      0
    260 :      0      0      0      0
    280 :      0      0      0      0
    300 :      0      0      0      0
    320 :      0      0      0      0
    340 :      0      0      0      0
    360 :      0      0      0      0
    380 :      0      0      0      0
    400 :      0      0      0      0
    420 :      0      0      0      0
    440 :      0      0      0      0
    460 :      0      0      0      0
    480 :      0      0      0      0
    500 :    708    723      0      0
    520 :    706    742      0      0
    540 :    715    643    123      0
    560 :    718    658    127      0
    580 :    191    302    137    443
    600 :      4    286      0    385
    620 :    581    716      0     20
    640 :    609    756      0     15
    660 :    613    772      0     20
    680 :    604    675      0     58
    700 :    714    737      0      0
    720 :    711    724      0      0
    740 :    716    707      0      0
    760 :    528    767      0      0
    780 :    533    759      0      0
    800 :    526    782      0      0
    820 :    525    767      0      0
    840 :    531    770      0      0
    860 :    529    785      0      0
    880 :    534    792      0      0
    900 :    258    790      0      0
    920 :    258    788      0      0
    940 :    621    749      0      0
    960 :    624    747      0      0
    980 :    629    787      0      0
   1000 :     20     11      0      0
   1020 :     18     13      0      0
   1040 :     23     21      0      0
   1060 :     17     12      0      0
   1080 :      0      0      0      0
   1100 :    619    778      0      0
   1120 :    750    706      0      0
   1140 :    806    780      0      0
   1160 :    624    657      0      0
   1180 :    264    791      0      0
   1200 :    535    764      0      0
   1220 :    536    755      0      0
   1240 :    523    782      0      0
   1260 :    524    785      0      0
   1280 :    528    764      0      0
   1300 :    526    598      0      0
   1320 :    532    745      0      0
   1340 :    715    734      0      0
   1360 :    716    772      0      0
   1380 :    718    770      0      0
   1400 :    714    770      0      0
   1420 :    708    744      0      0
   1440 :    717    714      0      0
   1460 :    707    766      0      0
   1480 :    710    770      0      0
   1500 :    714    733      0      0
   1520 :    712    614      0      0
   1540 :    713    692      0      0
   1560 :    713    691      0      0
   1580 :    714    703      0      0
   1600 :    663    618      0      0
   1620 :     20      9      0      0
   1640 :      3     26      0     30
   1660 :      0     10      0     21
   车道列带(下半幅 y1255..1674) = [(106, 912, 807)]
